

Tally.Point.Stringer_1.Left.Flux = [5.23034000000000e-06;1.23335000000000e-06;1.01847000000000e-06;1.27397000000000e-06;7.17901000000000e-07;9.73445000000000e-07;6.96946000000000e-07;5.47266000000000e-07;7.56495000000000e-07;9.20804000000000e-07;7.84247000000000e-07;5.75311000000000e-07;6.11367000000000e-08;1.69318000000000e-07;3.13812000000000e-07;6.00510000000000e-07;2.20579000000000e-07;3.03626000000000e-07;2.04549000000000e-07;2.47030000000000e-07;1.34634000000000e-07;1.23162000000000e-07;9.78305000000000e-08;1.96645000000000e-07;9.09516000000000e-08;2.87848000000000e-07;2.63423000000000e-07;2.48820000000000e-07;2.23594000000000e-08;1.62706000000000e-07;1.46219000000000e-07;8.02685000000000e-08;3.99503000000000e-08;1.49439000000000e-07;9.52627000000000e-08;6.12717000000000e-09;1.07392000000000e-08;5.18929000000000e-09;8.41681000000000e-10;0;0;0;0;0;0;0];
Tally.Point.Stringer_1.Left.Error = [0.0784000000000000;0.143100000000000;0.162900000000000;0.137800000000000;0.119400000000000;0.136800000000000;0.176900000000000;0.186500000000000;0.190100000000000;0.178400000000000;0.169800000000000;0.166400000000000;0.179500000000000;0.179300000000000;0.255800000000000;0.198500000000000;0.200900000000000;0.214400000000000;0.152400000000000;0.164000000000000;0.257200000000000;0.246100000000000;0.220800000000000;0.317500000000000;0.0796000000000000;0.176200000000000;0.178000000000000;0.246700000000000;0.131400000000000;0.204800000000000;0.195300000000000;0.0768000000000000;0.188000000000000;0.0773000000000000;0.0563000000000000;0.220100000000000;0.130800000000000;0.145500000000000;0.0939000000000000;0;0;0;0;0;0;0];

Tally.Point.Stringer_1.Middle.FLux = [5.55666000000000e-05;1.55202000000000e-05;1.59385000000000e-05;2.15550000000000e-05;1.78489000000000e-05;2.28874000000000e-05;1.96565000000000e-05;1.55488000000000e-05;1.55176000000000e-05;2.14144000000000e-05;2.38455000000000e-05;1.52972000000000e-05;2.79179000000000e-06;6.68856000000000e-06;9.56506000000000e-06;1.76845000000000e-05;8.62183000000000e-06;1.05848000000000e-05;1.02399000000000e-05;1.04316000000000e-05;4.35647000000000e-06;4.88905000000000e-06;3.26788000000000e-06;5.41596000000000e-06;4.88498000000000e-06;9.74269000000000e-06;9.40005000000000e-06;8.14479000000000e-06;1.13795000000000e-06;5.64605000000000e-06;5.10794000000000e-06;3.65705000000000e-06;1.36210000000000e-06;3.85530000000000e-06;2.02040000000000e-06;5.63176000000000e-07;4.51423000000000e-07;2.69437000000000e-07;5.10467000000000e-08;0;0;0;0;0;0;0];
Tally.Point.Stringer_1.Middle.Error = [0.0238000000000000;0.0355000000000000;0.0365000000000000;0.0341000000000000;0.0348000000000000;0.0320000000000000;0.0338000000000000;0.0356000000000000;0.0351000000000000;0.0326000000000000;0.0301000000000000;0.0345000000000000;0.0672000000000000;0.0429000000000000;0.0407000000000000;0.0323000000000000;0.0405000000000000;0.0369000000000000;0.0361000000000000;0.0311000000000000;0.0452000000000000;0.0489000000000000;0.0515000000000000;0.0408000000000000;0.0447000000000000;0.0318000000000000;0.0272000000000000;0.0289000000000000;0.0813000000000000;0.0352000000000000;0.0405000000000000;0.0667000000000000;0.0954000000000000;0.0297000000000000;0.0275000000000000;0.125500000000000;0.127500000000000;0.0619000000000000;0.0444000000000000;0;0;0;0;0;0;0];

Tally.Point.Stringer_1.Right.Flux = [5.30765000000000e-06;1.40113000000000e-06;1.04802000000000e-06;1.36068000000000e-06;8.52826000000000e-07;1.11496000000000e-06;7.55691000000000e-07;4.51943000000000e-07;6.06636000000000e-07;7.05522000000000e-07;7.14703000000000e-07;4.87165000000000e-07;5.82341000000000e-08;2.78586000000000e-07;3.44104000000000e-07;7.74218000000000e-07;2.09087000000000e-07;2.84889000000000e-07;2.75945000000000e-07;2.83655000000000e-07;1.33969000000000e-07;1.33381000000000e-07;8.81013000000000e-08;1.14222000000000e-07;1.25910000000000e-07;2.39299000000000e-07;2.56248000000000e-07;2.06327000000000e-07;2.57101000000000e-08;1.95559000000000e-07;1.35637000000000e-07;1.44085000000000e-07;5.12259000000000e-08;1.68129000000000e-07;1.02247000000000e-07;5.01551000000000e-09;1.53037000000000e-08;5.27323000000000e-09;8.65691000000000e-10;0;0;0;0;0;0;0];
Tally.Point.Stringer_1.Right.Error = [0.0814000000000000;0.153400000000000;0.130700000000000;0.126900000000000;0.152100000000000;0.158200000000000;0.141700000000000;0.146800000000000;0.196900000000000;0.144300000000000;0.142200000000000;0.223000000000000;0.154400000000000;0.233400000000000;0.211800000000000;0.200600000000000;0.198200000000000;0.188200000000000;0.201900000000000;0.122300000000000;0.275300000000000;0.319400000000000;0.240500000000000;0.116900000000000;0.266900000000000;0.135100000000000;0.170100000000000;0.102700000000000;0.140500000000000;0.219300000000000;0.145300000000000;0.291000000000000;0.266400000000000;0.122500000000000;0.0448000000000000;0.164300000000000;0.219400000000000;0.218200000000000;0.162200000000000;0;0;0;0;0;0;0];

Tally.Point.Stringer_2.Left.Flux = [1.65485000000000e-05;3.55631000000000e-06;3.55157000000000e-06;4.05570000000000e-06;3.10326000000000e-06;3.89910000000000e-06;3.11048000000000e-06;1.97354000000000e-06;1.85906000000000e-06;2.79228000000000e-06;2.74183000000000e-06;1.87480000000000e-06;3.09411000000000e-07;6.00354000000000e-07;9.93611000000000e-07;1.85850000000000e-06;7.66475000000000e-07;8.49371000000000e-07;7.22554000000000e-07;8.13678000000000e-07;3.54324000000000e-07;4.97565000000000e-07;3.79680000000000e-07;4.20244000000000e-07;3.54987000000000e-07;8.39565000000000e-07;7.26140000000000e-07;7.11983000000000e-07;7.67090000000000e-08;3.74042000000000e-07;2.78390000000000e-07;2.41812000000000e-07;8.20860000000000e-08;2.76738000000000e-07;1.83607000000000e-07;2.10228000000000e-08;2.12769000000000e-08;2.59160000000000e-08;2.07022000000000e-09;0;0;0;0;0;0;0];
Tally.Point.Stringer_2.Left.Error = [0.0437000000000000;0.0708000000000000;0.0768000000000000;0.0654000000000000;0.0796000000000000;0.0757000000000000;0.0833000000000000;0.0980000000000000;0.0955000000000000;0.0924000000000000;0.0926000000000000;0.109000000000000;0.220100000000000;0.133000000000000;0.129500000000000;0.108400000000000;0.137000000000000;0.121800000000000;0.128600000000000;0.115700000000000;0.177100000000000;0.182800000000000;0.255500000000000;0.157300000000000;0.143000000000000;0.143700000000000;0.134100000000000;0.139100000000000;0.177000000000000;0.0969000000000000;0.0602000000000000;0.130700000000000;0.0721000000000000;0.0806000000000000;0.0472000000000000;0.390900000000000;0.0946000000000000;0.491800000000000;0.0986000000000000;0;0;0;0;0;0;0];

Tally.Point.Stringer_2.Middle.Flux = [0.000185200000000000;5.81821000000000e-05;5.83838000000000e-05;8.04106000000000e-05;6.94245000000000e-05;9.67737000000000e-05;8.66962000000000e-05;6.99769000000000e-05;7.82010000000000e-05;0.000113799000000000;0.000145984000000000;0.000112197000000000;2.01482000000000e-05;5.58105000000000e-05;7.64843000000000e-05;0.000148424000000000;7.77515000000000e-05;0.000107028000000000;0.000105265000000000;0.000115249000000000;4.69626000000000e-05;5.04598000000000e-05;3.48715000000000e-05;6.18682000000000e-05;6.05418000000000e-05;0.000122266000000000;0.000142420000000000;0.000145929000000000;2.07404000000000e-05;0.000126356000000000;0.000112385000000000;6.29827000000000e-05;2.49566000000000e-05;8.06598000000000e-05;3.49374000000000e-05;2.07089000000000e-05;1.28385000000000e-05;9.00215000000000e-06;2.16431000000000e-06;0;0;0;0;0;0;0];
